"","V1","V2","V3","V4","V5","V6","V7","V8","V9","V10","V11","V12","V13","V14","V15"
"1",0.0517799352750809,0.0711974110032362,0.0614886731391586,0.0517799352750809,0.0517799352750809,0.0906148867313916,0.0323624595469256,0.0711974110032362,0.100323624595469,0.13915857605178,0.0711974110032362,0.0323624595469256,0.0517799352750809,0.0323624595469256,0.0906148867313916
"2",0.0437710437710438,0.0437710437710438,0.0841750841750842,0.0740740740740741,0.0538720538720539,0.114478114478114,0.0336700336700337,0.0336700336700337,0.124579124579125,0.0942760942760943,0.0740740740740741,0.0336700336700337,0.0437710437710438,0.0437710437710438,0.104377104377104
"3",0.0515873015873016,0.0515873015873016,0.0515873015873016,0.0753968253968254,0.0396825396825397,0.111111111111111,0.0515873015873016,0.0515873015873016,0.194444444444444,0.0634920634920635,0.0515873015873016,0.0515873015873016,0.0396825396825397,0.0396825396825397,0.0753968253968254
"4",0.0432900432900433,0.0562770562770563,0.0562770562770563,0.0562770562770563,0.0432900432900433,0.0562770562770563,0.0432900432900433,0.0692640692640693,0.16017316017316,0.147186147186147,0.0692640692640693,0.0562770562770563,0.0562770562770563,0.0432900432900433,0.0432900432900433
"5",0.0483091787439614,0.0628019323671498,0.0483091787439614,0.0772946859903382,0.0628019323671498,0.0483091787439614,0.0483091787439614,0.0628019323671498,0.135265700483092,0.135265700483092,0.0772946859903382,0.0483091787439614,0.0483091787439614,0.0483091787439614,0.0483091787439614
"6",0.0497512437810945,0.0646766169154229,0.0945273631840796,0.0497512437810945,0.0796019900497513,0.0497512437810945,0.0497512437810945,0.0497512437810945,0.124378109452736,0.124378109452736,0.0497512437810945,0.0497512437810945,0.0646766169154229,0.0497512437810945,0.0497512437810945
"7",0.0904761904761905,0.0619047619047619,0.0761904761904762,0.0476190476190476,0.0761904761904762,0.0476190476190476,0.0619047619047619,0.0476190476190476,0.0476190476190476,0.161904761904762,0.0476190476190476,0.0476190476190476,0.0761904761904762,0.0476190476190476,0.0619047619047619
"8",0.045662100456621,0.0593607305936073,0.0867579908675799,0.0593607305936073,0.0730593607305936,0.045662100456621,0.0593607305936073,0.0593607305936073,0.0593607305936073,0.141552511415525,0.045662100456621,0.045662100456621,0.114155251141553,0.045662100456621,0.0593607305936073
"9",0.0692640692640693,0.0692640692640693,0.0562770562770563,0.0562770562770563,0.0432900432900433,0.0432900432900433,0.0562770562770563,0.0562770562770563,0.0562770562770563,0.225108225108225,0.0562770562770563,0.0432900432900433,0.0692640692640693,0.0432900432900433,0.0562770562770563
"10",0.0427350427350427,0.0427350427350427,0.094017094017094,0.0811965811965812,0.0427350427350427,0.0683760683760684,0.0427350427350427,0.0427350427350427,0.0683760683760684,0.132478632478632,0.094017094017094,0.0427350427350427,0.0555555555555556,0.0811965811965812,0.0683760683760684
"11",0.0515873015873016,0.0396825396825397,0.0515873015873016,0.0396825396825397,0.0753968253968254,0.0634920634920635,0.0396825396825397,0.0396825396825397,0.0753968253968254,0.134920634920635,0.111111111111111,0.0634920634920635,0.0753968253968254,0.0753968253968254,0.0634920634920635
"12",0.0432900432900433,0.0432900432900433,0.0562770562770563,0.0432900432900433,0.0952380952380952,0.0952380952380952,0.0562770562770563,0.0432900432900433,0.0692640692640693,0.0562770562770563,0.0952380952380952,0.0692640692640693,0.0692640692640693,0.0822510822510823,0.0822510822510823
"13",0.0601851851851852,0.0462962962962963,0.0462962962962963,0.0601851851851852,0.101851851851852,0.0601851851851852,0.0740740740740741,0.0462962962962963,0.0740740740740741,0.0740740740740741,0.087962962962963,0.0740740740740741,0.087962962962963,0.0601851851851852,0.0462962962962963
"14",0.0497512437810945,0.0646766169154229,0.0497512437810945,0.0497512437810945,0.0646766169154229,0.0646766169154229,0.0796019900497513,0.0497512437810945,0.0646766169154229,0.0646766169154229,0.109452736318408,0.109452736318408,0.0497512437810945,0.0497512437810945,0.0796019900497513
"15",0.0520833333333333,0.0520833333333333,0.0677083333333333,0.0520833333333333,0.0677083333333333,0.0677083333333333,0.0833333333333333,0.0520833333333333,0.0520833333333333,0.0677083333333333,0.0833333333333333,0.145833333333333,0.0520833333333333,0.0520833333333333,0.0520833333333333
"16",0.0537634408602151,0.0537634408602151,0.0537634408602151,0.0537634408602151,0.0537634408602151,0.0698924731182796,0.0860215053763441,0.0537634408602151,0.102150537634409,0.0537634408602151,0.0537634408602151,0.134408602150538,0.0698924731182796,0.0537634408602151,0.0537634408602151
"17",0.0722222222222222,0.0722222222222222,0.0555555555555556,0.0555555555555556,0.0555555555555556,0.0555555555555556,0.0722222222222222,0.0555555555555556,0.105555555555556,0.0722222222222222,0.0555555555555556,0.0888888888888889,0.0722222222222222,0.0555555555555556,0.0555555555555556
"18",0.0820512820512821,0.0512820512820513,0.0512820512820513,0.0512820512820513,0.0666666666666667,0.0974358974358975,0.0512820512820513,0.0512820512820513,0.0974358974358975,0.0512820512820513,0.0512820512820513,0.0666666666666667,0.0974358974358975,0.0820512820512821,0.0512820512820513
"19",0.0720720720720721,0.045045045045045,0.045045045045045,0.0855855855855856,0.0990990990990991,0.045045045045045,0.045045045045045,0.0855855855855856,0.0585585585585586,0.045045045045045,0.0585585585585586,0.0720720720720721,0.0855855855855856,0.112612612612613,0.045045045045045
"20",0.0522088353413655,0.0401606425702811,0.0522088353413655,0.0522088353413655,0.0883534136546185,0.0642570281124498,0.0401606425702811,0.0883534136546185,0.0401606425702811,0.0401606425702811,0.0522088353413655,0.0642570281124498,0.0883534136546185,0.14859437751004,0.0883534136546185
"21",0.0541666666666667,0.0416666666666667,0.0666666666666667,0.0416666666666667,0.0916666666666667,0.0916666666666667,0.0416666666666667,0.104166666666667,0.0541666666666667,0.0416666666666667,0.0541666666666667,0.0666666666666667,0.0666666666666667,0.0916666666666667,0.0916666666666667
"22",0.0593607305936073,0.045662100456621,0.0730593607305936,0.0593607305936073,0.0730593607305936,0.0593607305936073,0.045662100456621,0.0867579908675799,0.0730593607305936,0.0593607305936073,0.045662100456621,0.0730593607305936,0.0730593607305936,0.0867579908675799,0.0867579908675799
"23",0.0585585585585586,0.0585585585585586,0.0585585585585586,0.0585585585585586,0.0855855855855856,0.0585585585585586,0.045045045045045,0.045045045045045,0.0720720720720721,0.0855855855855856,0.0585585585585586,0.0720720720720721,0.0585585585585586,0.13963963963964,0.045045045045045
"24",0.0844444444444444,0.0577777777777778,0.0444444444444444,0.0577777777777778,0.0977777777777778,0.0577777777777778,0.0444444444444444,0.0577777777777778,0.0444444444444444,0.0711111111111111,0.0444444444444444,0.0711111111111111,0.0844444444444444,0.137777777777778,0.0444444444444444
"25",0.112612612612613,0.0585585585585586,0.0585585585585586,0.0585585585585586,0.0720720720720721,0.0585585585585586,0.045045045045045,0.045045045045045,0.045045045045045,0.0720720720720721,0.0855855855855856,0.0585585585585586,0.0855855855855856,0.0990990990990991,0.045045045045045
"26",0.0650406504065041,0.0528455284552846,0.040650406504065,0.150406504065041,0.0528455284552846,0.0772357723577236,0.0528455284552846,0.0528455284552846,0.0528455284552846,0.0528455284552846,0.0894308943089431,0.0772357723577236,0.101626016260163,0.040650406504065,0.040650406504065
"27",0.0695970695970696,0.0695970695970696,0.0476190476190476,0.124542124542125,0.0586080586080586,0.0366300366300366,0.0366300366300366,0.0695970695970696,0.0695970695970696,0.0695970695970696,0.0476190476190476,0.102564102564103,0.0695970695970696,0.0695970695970696,0.0586080586080586
"28",0.0465949820788531,0.0465949820788531,0.03584229390681,0.154121863799283,0.0573476702508961,0.0573476702508961,0.0465949820788531,0.0573476702508961,0.0681003584229391,0.0681003584229391,0.03584229390681,0.111111111111111,0.0573476702508961,0.111111111111111,0.0465949820788531
"29",0.0811965811965812,0.0427350427350427,0.0683760683760684,0.11965811965812,0.0555555555555556,0.0555555555555556,0.0427350427350427,0.094017094017094,0.0555555555555556,0.0811965811965812,0.0555555555555556,0.0555555555555556,0.0683760683760684,0.0811965811965812,0.0427350427350427
"30",0.0497512437810945,0.0646766169154229,0.0646766169154229,0.109452736318408,0.0497512437810945,0.0497512437810945,0.0497512437810945,0.0796019900497513,0.0646766169154229,0.0796019900497513,0.0497512437810945,0.0796019900497513,0.0646766169154229,0.0497512437810945,0.0945273631840796
"31",0.0497512437810945,0.0945273631840796,0.0646766169154229,0.0796019900497513,0.0497512437810945,0.0497512437810945,0.0646766169154229,0.0796019900497513,0.0646766169154229,0.0646766169154229,0.0796019900497513,0.0646766169154229,0.0497512437810945,0.0497512437810945,0.0945273631840796
"32",0.0520833333333333,0.0989583333333333,0.0677083333333333,0.0677083333333333,0.0520833333333333,0.0520833333333333,0.0833333333333333,0.0677083333333333,0.0520833333333333,0.0677083333333333,0.0520833333333333,0.0520833333333333,0.0520833333333333,0.114583333333333,0.0677083333333333
"33",0.0628019323671498,0.0772946859903382,0.0772946859903382,0.0483091787439614,0.0483091787439614,0.0628019323671498,0.106280193236715,0.0772946859903382,0.0483091787439614,0.0772946859903382,0.0483091787439614,0.0483091787439614,0.0483091787439614,0.0628019323671498,0.106280193236715
"34",0.0855855855855856,0.045045045045045,0.045045045045045,0.0720720720720721,0.045045045045045,0.0585585585585586,0.045045045045045,0.045045045045045,0.0855855855855856,0.0585585585585586,0.0720720720720721,0.0720720720720721,0.0990990990990991,0.045045045045045,0.126126126126126
"35",0.0683760683760684,0.0427350427350427,0.0683760683760684,0.0555555555555556,0.0555555555555556,0.094017094017094,0.0555555555555556,0.0683760683760684,0.0683760683760684,0.0427350427350427,0.0683760683760684,0.0683760683760684,0.106837606837607,0.0683760683760684,0.0683760683760684
"36",0.0867579908675799,0.0593607305936073,0.100456621004566,0.0593607305936073,0.0593607305936073,0.0593607305936073,0.045662100456621,0.045662100456621,0.127853881278539,0.045662100456621,0.0867579908675799,0.0593607305936073,0.045662100456621,0.045662100456621,0.0730593607305936
"37",0.0619047619047619,0.0476190476190476,0.0476190476190476,0.0476190476190476,0.0619047619047619,0.0619047619047619,0.0761904761904762,0.0619047619047619,0.133333333333333,0.0476190476190476,0.0619047619047619,0.0476190476190476,0.0904761904761905,0.104761904761905,0.0476190476190476
"38",0.0784313725490196,0.0490196078431373,0.0490196078431373,0.0490196078431373,0.0490196078431373,0.0637254901960784,0.0784313725490196,0.0637254901960784,0.107843137254902,0.0637254901960784,0.0490196078431373,0.0637254901960784,0.0490196078431373,0.122549019607843,0.0637254901960784
"39",0.0701754385964912,0.043859649122807,0.043859649122807,0.043859649122807,0.0570175438596491,0.109649122807018,0.0701754385964912,0.0570175438596491,0.0833333333333333,0.043859649122807,0.043859649122807,0.043859649122807,0.043859649122807,0.109649122807018,0.135964912280702
"40",0.0392156862745098,0.0627450980392157,0.0392156862745098,0.0392156862745098,0.0392156862745098,0.0509803921568628,0.0509803921568628,0.0509803921568628,0.12156862745098,0.0509803921568628,0.0392156862745098,0.0509803921568628,0.0627450980392157,0.109803921568627,0.192156862745098
"41",0.0317460317460317,0.0507936507936508,0.0412698412698413,0.0412698412698413,0.0317460317460317,0.0603174603174603,0.0793650793650794,0.0507936507936508,0.146031746031746,0.0317460317460317,0.0507936507936508,0.0412698412698413,0.0317460317460317,0.117460317460317,0.193650793650794
"42",0.054421768707483,0.054421768707483,0.0340136054421769,0.054421768707483,0.0340136054421769,0.0340136054421769,0.136054421768707,0.0442176870748299,0.166666666666667,0.0442176870748299,0.054421768707483,0.054421768707483,0.0340136054421769,0.115646258503401,0.0850340136054422
"43",0.062015503875969,0.0503875968992248,0.0387596899224806,0.0503875968992248,0.0387596899224806,0.0852713178294574,0.12015503875969,0.0503875968992248,0.166666666666667,0.0387596899224806,0.0503875968992248,0.062015503875969,0.0387596899224806,0.0852713178294574,0.062015503875969
"44",0.0497512437810945,0.0646766169154229,0.0497512437810945,0.0497512437810945,0.0646766169154229,0.0646766169154229,0.0796019900497513,0.0796019900497513,0.0945273631840796,0.0646766169154229,0.0497512437810945,0.0497512437810945,0.0497512437810945,0.0945273631840796,0.0945273631840796
"45",0.0784313725490196,0.0637254901960784,0.0490196078431373,0.0490196078431373,0.0931372549019608,0.0784313725490196,0.0784313725490196,0.0637254901960784,0.0637254901960784,0.0637254901960784,0.0637254901960784,0.0490196078431373,0.0637254901960784,0.0637254901960784,0.0784313725490196
"46",0.0711111111111111,0.0711111111111111,0.0577777777777778,0.0444444444444444,0.0844444444444444,0.0844444444444444,0.0577777777777778,0.0844444444444444,0.0577777777777778,0.0444444444444444,0.0577777777777778,0.0577777777777778,0.0444444444444444,0.0977777777777778,0.0844444444444444
"47",0.0928270042194093,0.0421940928270042,0.0548523206751055,0.0675105485232068,0.080168776371308,0.0421940928270042,0.0421940928270042,0.105485232067511,0.0548523206751055,0.0421940928270042,0.0675105485232068,0.0548523206751055,0.105485232067511,0.0928270042194093,0.0548523206751055
"48",0.0592592592592593,0.0481481481481482,0.0703703703703704,0.037037037037037,0.037037037037037,0.037037037037037,0.0592592592592593,0.103703703703704,0.148148148148148,0.0481481481481482,0.0481481481481482,0.0481481481481482,0.125925925925926,0.0814814814814815,0.0481481481481482
"49",0.0634920634920635,0.0396825396825397,0.0396825396825397,0.0396825396825397,0.0396825396825397,0.0396825396825397,0.0515873015873016,0.123015873015873,0.194444444444444,0.0515873015873016,0.0515873015873016,0.0515873015873016,0.123015873015873,0.0515873015873016,0.0396825396825397
"50",0.0432900432900433,0.0432900432900433,0.0432900432900433,0.0432900432900433,0.0692640692640693,0.0432900432900433,0.0562770562770563,0.0952380952380952,0.225108225108225,0.0562770562770563,0.0432900432900433,0.0562770562770563,0.0822510822510823,0.0562770562770563,0.0432900432900433
"51",0.0677083333333333,0.0989583333333333,0.0520833333333333,0.0520833333333333,0.0520833333333333,0.0520833333333333,0.0520833333333333,0.0833333333333333,0.0989583333333333,0.0677083333333333,0.0833333333333333,0.0520833333333333,0.0520833333333333,0.0677083333333333,0.0677083333333333
"52",0.0860215053763441,0.0698924731182796,0.0537634408602151,0.0537634408602151,0.0537634408602151,0.0537634408602151,0.0537634408602151,0.102150537634409,0.102150537634409,0.0537634408602151,0.0698924731182796,0.0537634408602151,0.0537634408602151,0.0860215053763441,0.0537634408602151
"53",0.0833333333333333,0.0520833333333333,0.0520833333333333,0.114583333333333,0.0520833333333333,0.0520833333333333,0.0520833333333333,0.130208333333333,0.0833333333333333,0.0520833333333333,0.0677083333333333,0.0520833333333333,0.0520833333333333,0.0520833333333333,0.0520833333333333
"54",0.0796019900497513,0.0497512437810945,0.0497512437810945,0.124378109452736,0.0646766169154229,0.0497512437810945,0.0646766169154229,0.0796019900497513,0.109452736318408,0.0497512437810945,0.0497512437810945,0.0646766169154229,0.0497512437810945,0.0497512437810945,0.0646766169154229
"55",0.0534979423868313,0.0534979423868313,0.0411522633744856,0.11522633744856,0.0781893004115226,0.065843621399177,0.0411522633744856,0.065843621399177,0.102880658436214,0.0534979423868313,0.0905349794238683,0.0534979423868313,0.0411522633744856,0.0905349794238683,0.0534979423868313
"56",0.0675105485232068,0.0675105485232068,0.0548523206751055,0.0548523206751055,0.080168776371308,0.0421940928270042,0.0421940928270042,0.0548523206751055,0.143459915611814,0.0421940928270042,0.0928270042194093,0.0421940928270042,0.0421940928270042,0.0928270042194093,0.080168776371308
"57",0.0416666666666667,0.104166666666667,0.0416666666666667,0.0541666666666667,0.0541666666666667,0.0416666666666667,0.0416666666666667,0.0541666666666667,0.129166666666667,0.0541666666666667,0.141666666666667,0.0416666666666667,0.0416666666666667,0.104166666666667,0.0541666666666667
"58",0.0844444444444444,0.0577777777777778,0.0577777777777778,0.0711111111111111,0.0577777777777778,0.0577777777777778,0.0577777777777778,0.0577777777777778,0.111111111111111,0.0444444444444444,0.111111111111111,0.0444444444444444,0.0444444444444444,0.0977777777777778,0.0444444444444444
"59",0.0492424242424242,0.0492424242424242,0.0606060606060606,0.0492424242424242,0.0606060606060606,0.0492424242424242,0.0606060606060606,0.071969696969697,0.071969696969697,0.0492424242424242,0.196969696969697,0.0492424242424242,0.0606060606060606,0.071969696969697,0.0492424242424242
"60",0.037037037037037,0.0481481481481482,0.0703703703703704,0.0592592592592593,0.0592592592592593,0.0481481481481482,0.0703703703703704,0.0592592592592593,0.0592592592592593,0.0592592592592593,0.203703703703704,0.0592592592592593,0.0481481481481482,0.0703703703703704,0.0481481481481482
"61",0.0736434108527132,0.0387596899224806,0.062015503875969,0.0852713178294574,0.0503875968992248,0.0387596899224806,0.062015503875969,0.062015503875969,0.0387596899224806,0.0387596899224806,0.213178294573643,0.0387596899224806,0.0852713178294574,0.062015503875969,0.0503875968992248
"62",0.0421940928270042,0.0675105485232068,0.0421940928270042,0.143459915611814,0.0675105485232068,0.0675105485232068,0.0548523206751055,0.0928270042194093,0.0421940928270042,0.0548523206751055,0.118143459915612,0.0421940928270042,0.0421940928270042,0.0548523206751055,0.0675105485232068
"63",0.0683760683760684,0.094017094017094,0.0427350427350427,0.158119658119658,0.0555555555555556,0.0427350427350427,0.0555555555555556,0.0555555555555556,0.0683760683760684,0.0427350427350427,0.0683760683760684,0.0427350427350427,0.0683760683760684,0.0555555555555556,0.0811965811965812
"64",0.0421940928270042,0.0675105485232068,0.0548523206751055,0.206751054852321,0.105485232067511,0.0421940928270042,0.0548523206751055,0.0675105485232068,0.0421940928270042,0.0421940928270042,0.0421940928270042,0.0421940928270042,0.0548523206751055,0.0548523206751055,0.080168776371308
"65",0.0811965811965812,0.0811965811965812,0.0555555555555556,0.106837606837607,0.0811965811965812,0.0683760683760684,0.0555555555555556,0.0555555555555556,0.0427350427350427,0.0555555555555556,0.094017094017094,0.0427350427350427,0.0555555555555556,0.0555555555555556,0.0683760683760684
"66",0.0751173708920188,0.0469483568075117,0.0469483568075117,0.0751173708920188,0.131455399061033,0.0610328638497653,0.0610328638497653,0.0892018779342723,0.0610328638497653,0.0469483568075117,0.0892018779342723,0.0469483568075117,0.0469483568075117,0.0610328638497653,0.0610328638497653
"67",0.0593607305936073,0.045662100456621,0.045662100456621,0.0593607305936073,0.0593607305936073,0.0730593607305936,0.045662100456621,0.045662100456621,0.045662100456621,0.0593607305936073,0.182648401826484,0.0730593607305936,0.0867579908675799,0.0730593607305936,0.045662100456621
"68",0.0562770562770563,0.0432900432900433,0.0432900432900433,0.0432900432900433,0.108225108225108,0.0692640692640693,0.0562770562770563,0.0562770562770563,0.0692640692640693,0.0822510822510823,0.108225108225108,0.0822510822510823,0.0692640692640693,0.0562770562770563,0.0562770562770563
"69",0.0692640692640693,0.0432900432900433,0.0692640692640693,0.0432900432900433,0.121212121212121,0.0692640692640693,0.0562770562770563,0.0562770562770563,0.0432900432900433,0.0562770562770563,0.108225108225108,0.0822510822510823,0.0822510822510823,0.0562770562770563,0.0432900432900433
"70",0.0469483568075117,0.0469483568075117,0.0610328638497653,0.0469483568075117,0.0751173708920188,0.0610328638497653,0.0751173708920188,0.0751173708920188,0.103286384976526,0.103286384976526,0.0610328638497653,0.103286384976526,0.0469483568075117,0.0469483568075117,0.0469483568075117
"71",0.0628019323671498,0.0483091787439614,0.0483091787439614,0.0628019323671498,0.106280193236715,0.0483091787439614,0.0628019323671498,0.0772946859903382,0.0917874396135266,0.0772946859903382,0.0628019323671498,0.0772946859903382,0.0483091787439614,0.0628019323671498,0.0628019323671498
"72",0.0720720720720721,0.045045045045045,0.045045045045045,0.045045045045045,0.112612612612613,0.045045045045045,0.0855855855855856,0.112612612612613,0.0720720720720721,0.0720720720720721,0.0720720720720721,0.0585585585585586,0.0585585585585586,0.0585585585585586,0.045045045045045
"73",0.0772946859903382,0.0483091787439614,0.0628019323671498,0.0772946859903382,0.106280193236715,0.0483091787439614,0.0483091787439614,0.135265700483092,0.0628019323671498,0.0483091787439614,0.0772946859903382,0.0483091787439614,0.0483091787439614,0.0628019323671498,0.0483091787439614
"74",0.0462962962962963,0.0462962962962963,0.0462962962962963,0.0601851851851852,0.0601851851851852,0.0601851851851852,0.0601851851851852,0.087962962962963,0.0601851851851852,0.0601851851851852,0.143518518518519,0.0601851851851852,0.0740740740740741,0.0740740740740741,0.0601851851851852
"75",0.080168776371308,0.0421940928270042,0.0548523206751055,0.0421940928270042,0.0928270042194093,0.0421940928270042,0.0548523206751055,0.0675105485232068,0.0928270042194093,0.0421940928270042,0.143459915611814,0.0548523206751055,0.0548523206751055,0.0675105485232068,0.0675105485232068
"76",0.0811965811965812,0.0427350427350427,0.0427350427350427,0.0555555555555556,0.106837606837607,0.0555555555555556,0.0555555555555556,0.0683760683760684,0.0683760683760684,0.0427350427350427,0.158119658119658,0.0555555555555556,0.0683760683760684,0.0427350427350427,0.0555555555555556
"77",0.0862745098039216,0.0509803921568628,0.0392156862745098,0.0392156862745098,0.12156862745098,0.0745098039215686,0.0392156862745098,0.12156862745098,0.0862745098039216,0.0509803921568628,0.0627450980392157,0.0509803921568628,0.0627450980392157,0.0392156862745098,0.0745098039215686
"78",0.0883534136546185,0.0522088353413655,0.0642570281124498,0.0401606425702811,0.0763052208835341,0.0763052208835341,0.0401606425702811,0.14859437751004,0.100401606425703,0.0522088353413655,0.0642570281124498,0.0522088353413655,0.0522088353413655,0.0522088353413655,0.0401606425702811
"79",0.0718954248366013,0.042483660130719,0.0326797385620915,0.042483660130719,0.0620915032679739,0.042483660130719,0.0326797385620915,0.209150326797386,0.101307189542484,0.0522875816993464,0.0718954248366013,0.0718954248366013,0.042483660130719,0.0718954248366013,0.0522875816993464
"80",0.0567375886524823,0.0460992907801418,0.0673758865248227,0.0673758865248227,0.0354609929078014,0.0567375886524823,0.0567375886524823,0.216312056737589,0.0780141843971631,0.0354609929078014,0.0780141843971631,0.0460992907801418,0.0460992907801418,0.0673758865248227,0.0460992907801418
"81",0.0456140350877193,0.056140350877193,0.0666666666666667,0.056140350877193,0.056140350877193,0.0456140350877193,0.0456140350877193,0.256140350877193,0.0666666666666667,0.0456140350877193,0.087719298245614,0.0350877192982456,0.0350877192982456,0.056140350877193,0.0456140350877193
"82",0.056140350877193,0.056140350877193,0.056140350877193,0.0666666666666667,0.056140350877193,0.0456140350877193,0.0350877192982456,0.119298245614035,0.0456140350877193,0.056140350877193,0.214035087719298,0.0350877192982456,0.056140350877193,0.0456140350877193,0.056140350877193
"83",0.0555555555555556,0.0451388888888889,0.0659722222222222,0.0451388888888889,0.0555555555555556,0.0347222222222222,0.0451388888888889,0.0868055555555556,0.0555555555555556,0.0451388888888889,0.315972222222222,0.0347222222222222,0.0347222222222222,0.0451388888888889,0.0347222222222222
"84",0.0507936507936508,0.0317460317460317,0.0412698412698413,0.0603174603174603,0.0412698412698413,0.0507936507936508,0.0507936507936508,0.0317460317460317,0.0317460317460317,0.0412698412698413,0.384126984126984,0.0507936507936508,0.0317460317460317,0.0603174603174603,0.0412698412698413
"85",0.0952380952380952,0.0442176870748299,0.0748299319727891,0.0340136054421769,0.0442176870748299,0.0340136054421769,0.0646258503401361,0.0442176870748299,0.0748299319727891,0.0442176870748299,0.268707482993197,0.0442176870748299,0.0340136054421769,0.0646258503401361,0.0340136054421769
"86",0.0608974358974359,0.0320512820512821,0.0416666666666667,0.0512820512820513,0.0608974358974359,0.0416666666666667,0.0416666666666667,0.0512820512820513,0.0416666666666667,0.0608974358974359,0.330128205128205,0.0416666666666667,0.0320512820512821,0.0705128205128205,0.0416666666666667
"87",0.0666666666666667,0.0350877192982456,0.0456140350877193,0.056140350877193,0.056140350877193,0.056140350877193,0.0350877192982456,0.0350877192982456,0.0771929824561404,0.0666666666666667,0.298245614035088,0.0350877192982456,0.0350877192982456,0.056140350877193,0.0456140350877193
"88",0.0347222222222222,0.0451388888888889,0.0451388888888889,0.0659722222222222,0.0555555555555556,0.0451388888888889,0.0347222222222222,0.0555555555555556,0.0347222222222222,0.0347222222222222,0.378472222222222,0.0347222222222222,0.0347222222222222,0.0451388888888889,0.0555555555555556
"89",0.0446735395189004,0.0343642611683849,0.0343642611683849,0.0652920962199313,0.0756013745704467,0.0446735395189004,0.0549828178694158,0.0446735395189004,0.0343642611683849,0.0446735395189004,0.374570446735395,0.0446735395189004,0.0343642611683849,0.0343642611683849,0.0343642611683849
"90",0.036231884057971,0.0471014492753623,0.0471014492753623,0.0579710144927536,0.101449275362319,0.0579710144927536,0.0471014492753623,0.0579710144927536,0.0579710144927536,0.036231884057971,0.286231884057971,0.0471014492753623,0.036231884057971,0.036231884057971,0.0471014492753623
"91",0.0528052805280528,0.0429042904290429,0.0429042904290429,0.033003300330033,0.0924092409240924,0.0528052805280528,0.033003300330033,0.033003300330033,0.0627062706270627,0.0429042904290429,0.33993399339934,0.0429042904290429,0.033003300330033,0.0627062706270627,0.033003300330033
"92",0.048689138576779,0.0374531835205993,0.048689138576779,0.0599250936329588,0.0711610486891386,0.0599250936329588,0.0374531835205993,0.0711610486891386,0.0711610486891386,0.0374531835205993,0.284644194756554,0.0374531835205993,0.048689138576779,0.048689138576779,0.0374531835205993
"93",0.0573476702508961,0.0573476702508961,0.0573476702508961,0.0788530465949821,0.0788530465949821,0.0573476702508961,0.0573476702508961,0.03584229390681,0.0788530465949821,0.03584229390681,0.240143369175627,0.03584229390681,0.0465949820788531,0.0465949820788531,0.03584229390681
"94",0.0396825396825397,0.0634920634920635,0.0515873015873016,0.0634920634920635,0.0396825396825397,0.0873015873015873,0.0515873015873016,0.0515873015873016,0.0873015873015873,0.0396825396825397,0.218253968253968,0.0634920634920635,0.0396825396825397,0.0515873015873016,0.0515873015873016
"95",0.0374531835205993,0.048689138576779,0.0374531835205993,0.0711610486891386,0.0374531835205993,0.0374531835205993,0.0374531835205993,0.0823970037453184,0.0599250936329588,0.0374531835205993,0.340823970037453,0.0374531835205993,0.0599250936329588,0.0374531835205993,0.0374531835205993
"96",0.0592592592592593,0.037037037037037,0.037037037037037,0.0703703703703704,0.037037037037037,0.0592592592592593,0.037037037037037,0.037037037037037,0.0814814814814815,0.037037037037037,0.292592592592593,0.037037037037037,0.037037037037037,0.0592592592592593,0.0814814814814815
"97",0.0383141762452107,0.0383141762452107,0.049808429118774,0.0842911877394636,0.0383141762452107,0.049808429118774,0.0383141762452107,0.0383141762452107,0.0727969348659004,0.0383141762452107,0.256704980842912,0.0383141762452107,0.0383141762452107,0.0613026819923372,0.118773946360153
"98",0.0814814814814815,0.037037037037037,0.0481481481481482,0.0481481481481482,0.0481481481481482,0.037037037037037,0.0592592592592593,0.0481481481481482,0.0703703703703704,0.037037037037037,0.225925925925926,0.037037037037037,0.037037037037037,0.0592592592592593,0.125925925925926
"99",0.0503875968992248,0.0387596899224806,0.0503875968992248,0.062015503875969,0.0852713178294574,0.0852713178294574,0.0503875968992248,0.0387596899224806,0.062015503875969,0.062015503875969,0.189922480620155,0.0387596899224806,0.0387596899224806,0.0387596899224806,0.108527131782946
"100",0.0791666666666667,0.0416666666666667,0.0541666666666667,0.0791666666666667,0.104166666666667,0.0541666666666667,0.0541666666666667,0.0666666666666667,0.0416666666666667,0.0666666666666667,0.166666666666667,0.0416666666666667,0.0416666666666667,0.0541666666666667,0.0541666666666667
"101",0.0751173708920188,0.0469483568075117,0.0469483568075117,0.0892018779342723,0.0610328638497653,0.0751173708920188,0.0610328638497653,0.0610328638497653,0.0751173708920188,0.0892018779342723,0.0892018779342723,0.0469483568075117,0.0751173708920188,0.0610328638497653,0.0469483568075117
"102",0.0784313725490196,0.0490196078431373,0.0490196078431373,0.0490196078431373,0.0784313725490196,0.0784313725490196,0.0490196078431373,0.0784313725490196,0.0931372549019608,0.0637254901960784,0.0490196078431373,0.0637254901960784,0.0784313725490196,0.0784313725490196,0.0637254901960784
"103",0.0497512437810945,0.0497512437810945,0.0497512437810945,0.0646766169154229,0.0646766169154229,0.0497512437810945,0.0497512437810945,0.0945273631840796,0.0945273631840796,0.0796019900497513,0.0497512437810945,0.0646766169154229,0.0945273631840796,0.0796019900497513,0.0646766169154229
"104",0.0646766169154229,0.0796019900497513,0.0497512437810945,0.0796019900497513,0.0497512437810945,0.0796019900497513,0.0646766169154229,0.0945273631840796,0.0945273631840796,0.0497512437810945,0.0497512437810945,0.0497512437810945,0.0796019900497513,0.0497512437810945,0.0646766169154229
"105",0.0784313725490196,0.0784313725490196,0.0637254901960784,0.107843137254902,0.0490196078431373,0.0784313725490196,0.0637254901960784,0.0490196078431373,0.0784313725490196,0.0490196078431373,0.0490196078431373,0.0490196078431373,0.0784313725490196,0.0490196078431373,0.0784313725490196
"106",0.114155251141553,0.114155251141553,0.0867579908675799,0.100456621004566,0.045662100456621,0.0593607305936073,0.045662100456621,0.045662100456621,0.0867579908675799,0.045662100456621,0.045662100456621,0.0593607305936073,0.045662100456621,0.045662100456621,0.0593607305936073
"107",0.0601851851851852,0.087962962962963,0.087962962962963,0.0740740740740741,0.0601851851851852,0.0740740740740741,0.0601851851851852,0.0740740740740741,0.0740740740740741,0.0601851851851852,0.0601851851851852,0.0601851851851852,0.0462962962962963,0.0462962962962963,0.0740740740740741
"108",0.045045045045045,0.0855855855855856,0.0585585585585586,0.045045045045045,0.0720720720720721,0.0990990990990991,0.0585585585585586,0.0855855855855856,0.0855855855855856,0.0585585585585586,0.045045045045045,0.0585585585585586,0.045045045045045,0.0720720720720721,0.0855855855855856
"109",0.0601851851851852,0.0462962962962963,0.0740740740740741,0.0601851851851852,0.0740740740740741,0.0462962962962963,0.0462962962962963,0.101851851851852,0.0462962962962963,0.0740740740740741,0.101851851851852,0.0462962962962963,0.0601851851851852,0.0740740740740741,0.087962962962963
"110",0.087962962962963,0.0462962962962963,0.087962962962963,0.0462962962962963,0.0462962962962963,0.0601851851851852,0.0740740740740741,0.0462962962962963,0.101851851851852,0.0601851851851852,0.0740740740740741,0.0601851851851852,0.0601851851851852,0.0601851851851852,0.087962962962963
"111",0.104761904761905,0.0476190476190476,0.0904761904761905,0.104761904761905,0.0619047619047619,0.0476190476190476,0.0476190476190476,0.0619047619047619,0.0619047619047619,0.0619047619047619,0.0904761904761905,0.0619047619047619,0.0476190476190476,0.0476190476190476,0.0619047619047619
"112",0.0811965811965812,0.0811965811965812,0.0811965811965812,0.11965811965812,0.0427350427350427,0.0555555555555556,0.0555555555555556,0.0811965811965812,0.0555555555555556,0.0427350427350427,0.0555555555555556,0.0427350427350427,0.0555555555555556,0.0555555555555556,0.094017094017094
"113",0.0701754385964912,0.0570175438596491,0.0964912280701754,0.12280701754386,0.0701754385964912,0.043859649122807,0.043859649122807,0.0701754385964912,0.043859649122807,0.043859649122807,0.0701754385964912,0.043859649122807,0.0570175438596491,0.0701754385964912,0.0964912280701754
"114",0.11522633744856,0.0781893004115226,0.065843621399177,0.139917695473251,0.065843621399177,0.0534979423868313,0.0534979423868313,0.065843621399177,0.0534979423868313,0.065843621399177,0.0411522633744856,0.0411522633744856,0.0534979423868313,0.0411522633744856,0.065843621399177
"115",0.045662100456621,0.045662100456621,0.045662100456621,0.114155251141553,0.0730593607305936,0.114155251141553,0.045662100456621,0.0593607305936073,0.0593607305936073,0.0593607305936073,0.045662100456621,0.100456621004566,0.0593607305936073,0.0730593607305936,0.0593607305936073
"116",0.0515873015873016,0.0992063492063492,0.0634920634920635,0.111111111111111,0.0873015873015873,0.0753968253968254,0.0396825396825397,0.0396825396825397,0.0753968253968254,0.0515873015873016,0.0515873015873016,0.0753968253968254,0.0634920634920635,0.0634920634920635,0.0515873015873016
"117",0.0842911877394636,0.0613026819923372,0.0613026819923372,0.0383141762452107,0.118773946360153,0.10727969348659,0.049808429118774,0.0383141762452107,0.130268199233716,0.0613026819923372,0.0383141762452107,0.0842911877394636,0.0383141762452107,0.049808429118774,0.0383141762452107
"118",0.0586080586080586,0.0805860805860806,0.0586080586080586,0.0366300366300366,0.102564102564103,0.0915750915750916,0.0366300366300366,0.0695970695970696,0.19047619047619,0.0476190476190476,0.0476190476190476,0.0476190476190476,0.0366300366300366,0.0366300366300366,0.0586080586080586
"119",0.0528455284552846,0.040650406504065,0.040650406504065,0.040650406504065,0.101626016260163,0.0772357723577236,0.040650406504065,0.0894308943089431,0.199186991869919,0.0772357723577236,0.040650406504065,0.040650406504065,0.040650406504065,0.0650406504065041,0.0528455284552846
"120",0.0610328638497653,0.0610328638497653,0.0751173708920188,0.0469483568075117,0.0610328638497653,0.0610328638497653,0.0469483568075117,0.15962441314554,0.103286384976526,0.0610328638497653,0.0469483568075117,0.0610328638497653,0.0469483568075117,0.0469483568075117,0.0610328638497653
"121",0.0833333333333333,0.0520833333333333,0.0677083333333333,0.0520833333333333,0.0520833333333333,0.0520833333333333,0.0520833333333333,0.145833333333333,0.0833333333333333,0.0677083333333333,0.0520833333333333,0.0677083333333333,0.0677083333333333,0.0520833333333333,0.0520833333333333
"122",0.100529100529101,0.0529100529100529,0.0529100529100529,0.0529100529100529,0.0687830687830688,0.0687830687830688,0.0529100529100529,0.100529100529101,0.0846560846560847,0.0529100529100529,0.0529100529100529,0.0529100529100529,0.0687830687830688,0.0529100529100529,0.0846560846560847
"123",0.0646766169154229,0.0497512437810945,0.0497512437810945,0.0796019900497513,0.0497512437810945,0.0646766169154229,0.0497512437810945,0.0796019900497513,0.0646766169154229,0.124378109452736,0.0646766169154229,0.0646766169154229,0.0796019900497513,0.0497512437810945,0.0646766169154229
"124",0.0512820512820513,0.0666666666666667,0.0666666666666667,0.0666666666666667,0.0512820512820513,0.0666666666666667,0.0512820512820513,0.0666666666666667,0.112820512820513,0.0974358974358975,0.0666666666666667,0.0666666666666667,0.0666666666666667,0.0512820512820513,0.0512820512820513
"125",0.0628930817610063,0.0628930817610063,0.0628930817610063,0.0628930817610063,0.0628930817610063,0.0628930817610063,0.0628930817610063,0.0628930817610063,0.0628930817610063,0.10062893081761,0.0628930817610063,0.0628930817610063,0.0628930817610063,0.0628930817610063,0.0817610062893082
"126",0.0606060606060606,0.0606060606060606,0.0606060606060606,0.0606060606060606,0.0606060606060606,0.0606060606060606,0.0606060606060606,0.0606060606060606,0.0606060606060606,0.115151515151515,0.0787878787878788,0.0606060606060606,0.0787878787878788,0.0606060606060606,0.0606060606060606
"127",0.045045045045045,0.0720720720720721,0.045045045045045,0.045045045045045,0.0720720720720721,0.045045045045045,0.0585585585585586,0.045045045045045,0.0585585585585586,0.234234234234234,0.0585585585585586,0.0585585585585586,0.0585585585585586,0.045045045045045,0.0585585585585586
"128",0.0416666666666667,0.0541666666666667,0.0541666666666667,0.0416666666666667,0.0541666666666667,0.0541666666666667,0.0416666666666667,0.0541666666666667,0.0916666666666667,0.229166666666667,0.0666666666666667,0.0541666666666667,0.0666666666666667,0.0416666666666667,0.0541666666666667
"129",0.0383141762452107,0.0613026819923372,0.0383141762452107,0.0383141762452107,0.0842911877394636,0.049808429118774,0.0383141762452107,0.0727969348659004,0.0957854406130268,0.199233716475096,0.0727969348659004,0.0613026819923372,0.049808429118774,0.049808429118774,0.049808429118774
"130",0.0585585585585586,0.045045045045045,0.0585585585585586,0.045045045045045,0.045045045045045,0.0720720720720721,0.0585585585585586,0.0990990990990991,0.0855855855855856,0.0990990990990991,0.112612612612613,0.045045045045045,0.0585585585585586,0.0585585585585586,0.0585585585585586
"131",0.0904761904761905,0.0761904761904762,0.0476190476190476,0.0476190476190476,0.0619047619047619,0.0761904761904762,0.0476190476190476,0.0761904761904762,0.104761904761905,0.0761904761904762,0.0904761904761905,0.0476190476190476,0.0476190476190476,0.0476190476190476,0.0619047619047619
"132",0.0820512820512821,0.0666666666666667,0.0512820512820513,0.0512820512820513,0.0820512820512821,0.0666666666666667,0.0666666666666667,0.0666666666666667,0.0820512820512821,0.0820512820512821,0.0820512820512821,0.0512820512820513,0.0512820512820513,0.0666666666666667,0.0512820512820513
"133",0.0529100529100529,0.0687830687830688,0.0687830687830688,0.0687830687830688,0.0846560846560847,0.0529100529100529,0.0529100529100529,0.0687830687830688,0.148148148148148,0.0529100529100529,0.0529100529100529,0.0529100529100529,0.0529100529100529,0.0687830687830688,0.0529100529100529
"134",0.0490196078431373,0.0637254901960784,0.0637254901960784,0.0784313725490196,0.0490196078431373,0.0490196078431373,0.0490196078431373,0.0490196078431373,0.151960784313726,0.0637254901960784,0.0637254901960784,0.0637254901960784,0.0637254901960784,0.0931372549019608,0.0490196078431373
"135",0.0421940928270042,0.0548523206751055,0.0675105485232068,0.0421940928270042,0.0421940928270042,0.0548523206751055,0.0675105485232068,0.0548523206751055,0.181434599156118,0.0421940928270042,0.105485232067511,0.0421940928270042,0.080168776371308,0.0675105485232068,0.0548523206751055
"136",0.0650406504065041,0.040650406504065,0.0528455284552846,0.040650406504065,0.040650406504065,0.0772357723577236,0.0650406504065041,0.040650406504065,0.126016260162602,0.0772357723577236,0.113821138211382,0.040650406504065,0.0650406504065041,0.0894308943089431,0.0650406504065041
"137",0.0562770562770563,0.0562770562770563,0.0562770562770563,0.0692640692640693,0.0432900432900433,0.0562770562770563,0.0562770562770563,0.0692640692640693,0.134199134199134,0.0692640692640693,0.121212121212121,0.0432900432900433,0.0562770562770563,0.0692640692640693,0.0432900432900433
"138",0.0677083333333333,0.0989583333333333,0.0677083333333333,0.0520833333333333,0.0677083333333333,0.0520833333333333,0.0520833333333333,0.0520833333333333,0.0833333333333333,0.0989583333333333,0.0677083333333333,0.0520833333333333,0.0520833333333333,0.0677083333333333,0.0677083333333333
"139",0.0687830687830688,0.0846560846560847,0.0687830687830688,0.0687830687830688,0.0529100529100529,0.0529100529100529,0.0846560846560847,0.0529100529100529,0.0846560846560847,0.0529100529100529,0.0687830687830688,0.0687830687830688,0.0529100529100529,0.0687830687830688,0.0687830687830688
